-3.53553390593273786369e-01 -3.31456303681183395149e-01 -2.87262129857071280004e-01 -2.20970869120708596212e-01 -1.32582521472659115025e-01 -4.41941738239087292262e-02 4.41941738239209208627e-02 1.32582521472633302340e-01 2.20970869120729107582e-01 2.87262129857059567151e-01 3.31456303681187558485e-01 3.53553390593273786369e-01
-3.75649120022363891547e-01 -3.45702515369606888651e-01 -2.99901872298903138248e-01 -2.25096213308185022495e-01 -1.41122902610574835203e-01 -3.86384578672619646844e-02 3.86384578672187908865e-02 1.41122902610669231915e-01 2.25096213308101089634e-01 2.99901872298960092689e-01 3.45702515369584018057e-01 3.75649120022363891547e-01
-4.13541842210646493072e-01 -3.82542636597124008357e-01 -3.17079326189111110335e-01 -2.47185455039277413025e-01 -1.34189843550851839460e-01 -5.94002473905539812860e-02 5.94002473907377440132e-02 1.34189843550455184529e-01 2.47185455039614088157e-01 3.17079326188873911185e-01 3.82542636597209606553e-01 4.13541842210646493072e-01
-4.56066114947828948889e-01 -4.19309620356288770271e-01 -3.58207104840988610484e-01 -2.56238566811401335954e-01 -1.65140246042583205277e-01 -3.57776919213855584823e-02 3.57776919209025004442e-02 1.65140246043636002016e-01 2.56238566810488066494e-01 3.58207104841616830182e-01 4.19309620356060286372e-01 4.56066114947828948889e-01
-4.92883415660295032268e-01 -4.58172581258214695055e-01 -3.81288118108867868372e-01 -2.93500989278579538233e-01 -1.53659978532925484140e-01 -7.06442777073416211531e-02 7.06442777084047013325e-02 1.53659978530617302717e-01 2.93500989280571222828e-01 3.81288118107447726590e-01 4.58172581258724398445e-01 4.92883415660295032268e-01
-5.09737120777081664791e-01 -4.71563929616437949033e-01 -4.01987745656299577668e-01 -2.94959166929467331286e-01 -1.78243194256757497840e-01 -4.95346155033529883527e-02 4.95346155018317677032e-02 1.78243194260060550116e-01 2.94959166926584137602e-01 4.01987745658368922363e-01 4.71563929615677612794e-01 5.09737120777081664791e-01
-5.09737120777901009383e-01 -4.71563929614853716288e-01 -4.01987745660903061928e-01 -2.94959166920591986383e-01 -1.78243194273156269070e-01 -4.95346154829902976524e-02 4.95346154844475486390e-02 1.78243194270004429169e-01 2.94959166923340732058e-01 4.01987745658870632148e-01 4.71563929615622046132e-01 5.09737120777901009383e-01
-4.92883415659714663182e-01 -4.58172581259328803860e-01 -3.81288118105689244342e-01 -2.93500989284730173789e-01 -1.53659978521546281005e-01 -7.06442777215528922019e-02 7.06442777206355149167e-02 1.53659978523530693639e-01 2.93500989282972857275e-01 3.81288118107003581869e-01 4.58172581258799449522e-01 4.92883415659714663182e-01
-4.56066114948109169180e-01 -4.19309620355751755394e-01 -3.58207104842472146000e-01 -2.56238566808511258888e-01 -1.65140246047948469066e-01 -3.57776919146038999142e-02 3.57776919149697739120e-02 1.65140246047159766629e-01 2.56238566809209422637e-01 3.58207104841922086003e-01 4.19309620355986789608e-01 4.56066114948109169180e-01
-4.13541842210527643697e-01 -3.82542636597357987860e-01 -3.17079326188487997662e-01 -2.47185455040484142186e-01 -1.34189843548580073351e-01 -5.94002473934664154687e-02 5.94002473933438746023e-02 1.34189843548848802834e-01 2.47185455040238116764e-01 3.17079326188676569043e-01 3.82542636597268059795e-01 4.13541842210527643697e-01
-3.75649120022401084018e-01 -3.45702515369526619526e-01 -2.99901872299091654117e-01 -2.25096213307811932047e-01 -1.41122902611289818831e-01 -3.86384578663199335091e-02 3.86384578663497429973e-02 1.41122902611225176095e-01 2.25096213307867776265e-01 2.99901872299046023951e-01 3.45702515369548879498e-01 3.75649120022401084018e-01
-3.53553390593273786369e-01 -3.31456303681183395149e-01 -2.87262129857071280004e-01 -2.20970869120708596212e-01 -1.32582521472659115025e-01 -4.41941738239087292262e-02 4.41941738239209208627e-02 1.32582521472633302340e-01 2.20970869120729107582e-01 2.87262129857059567151e-01 3.31456303681187558485e-01 3.53553390593273786369e-01
