-3.53553390593273786369e-01 -3.33911535560328986971e-01 -2.94627825494342521218e-01 -2.35702260395659890513e-01 -1.57134840263309566444e-01 -7.85674201324996074325e-02 8.54823786841729579700e-13 7.85674201310410796895e-02 1.57134840264206848692e-01 2.35702260395274421079e-01 2.94627825494492734393e-01 3.33911535560284911117e-01 3.53553390593273786369e-01
-3.73194705471179832834e-01 -3.46956312280746526078e-01 -3.06405538062966942281e-01 -2.40452297499732153829e-01 -1.63848889892439564253e-01 -7.82086847310001775924e-02 -1.48468991431645707851e-12 7.82086847335314583329e-02 1.63848889890874649389e-01 2.40452297500418021858e-01 3.06405538062680060651e-01 3.46956312280847112284e-01 3.73194705471179832834e-01
-4.07572423275651740671e-01 -3.80838087935248092997e-01 -3.22110378043841572016e-01 -2.61470526443690065577e-01 -1.62148796047990956248e-01 -8.89832412323895705075e-02 5.70358769819960930658e-12 8.89832412226688185264e-02 1.62148796053977112264e-01 2.61470526441079820223e-01 3.22110378044917544660e-01 3.80838087934890712205e-01 4.07572423275651740671e-01
-4.47525848178653651299e-01 -4.13761351162685531158e-01 -3.64416929591598937055e-01 -2.67594715034804253584e-01 -1.93158677572149994894e-01 -7.97519122033361338442e-02 -1.70909360898000553001e-11 7.97519122324540363778e-02 1.93158677554202684590e-01 2.67594715042621889012e-01 3.64416929588401772300e-01 4.13761351163711821322e-01 4.47525848178653651299e-01
-4.84268093573366031901e-01 -4.58030653124160913592e-01 -3.77335232775828810503e-01 -3.20049241415880869610e-01 -1.69949320681610616113e-01 -1.14255524462200774849e-01 4.56193379669588575205e-11 1.14255524384490714240e-01 1.69949320729429254051e-01 3.20049241395123473808e-01 3.77335232784226537461e-01 4.58030653121602293609e-01 4.84268093573366031901e-01
-5.04373010204218541475e-01 -4.62436131136671146891e-01 -4.25400089685013860219e-01 -2.89469152175483523948e-01 -2.40410583335562089147e-01 -7.27726579243120896834e-02 -8.24376329273939492098e-11 7.27726580646403942154e-02 2.40410583249387022065e-01 2.89469152212700198135e-01 4.25400089670140868492e-01 4.62436131140977035869e-01 5.04373010204218541475e-01
-5.10904836441644416567e-01 -4.87926462058359877716e-01 -3.92480529434532598998e-01 -3.51761206027152883991e-01 -1.65936948917972504347e-01 -1.32967990081985121265e-01 1.04102414328914223269e-10 1.32967989904862360362e-01 1.65936949026471047830e-01 3.51761205980547497774e-01 3.92480529452928550427e-01 4.87926462053301257527e-01 5.10904836441644416567e-01
-5.04373010203599370094e-01 -4.62436131136610750758e-01 -4.25400089685089355385e-01 -2.89469152174705923741e-01 -2.40410583338559691313e-01 -7.27726579173940679723e-02 -9.27902973609009244035e-11 7.27726580751562046601e-02 2.40410583242163689022e-01 2.89469152215868774647e-01 4.25400089669048409036e-01 4.62436131140817163754e-01 5.04373010203599370094e-01
-4.84268093574097446830e-01 -4.58030653124184672365e-01 -3.77335232775770412772e-01 -3.20049241416657803683e-01 -1.69949320678324133915e-01 -1.14255524469946689869e-01 5.73872944473504262632e-11 1.14255524372427030855e-01 1.69949320737748599264e-01 3.20049241391424432734e-01 3.77335232785483976059e-01 4.58030653121744180112e-01 4.84268093574097446830e-01
-4.47525848178214669115e-01 -4.13761351162712731622e-01 -3.64416929591584504156e-01 -2.67594715034476515747e-01 -1.93158677573826431662e-01 -7.97519121991616120049e-02 -2.36269893723177292579e-11 7.97519122392810475564e-02 1.93158677549432222786e-01 2.67594715044779052349e-01 3.64416929587663029899e-01 4.13761351163671742270e-01 4.47525848178214669115e-01
-4.07572423275858575220e-01 -3.80838087935202684875e-01 -3.22110378043901579570e-01 -2.61470526443701112296e-01 -1.62148796047540511012e-01 -8.89832412337907135980e-02 8.12641052109505501788e-12 8.89832412199842159861e-02 1.62148796055932908899e-01 2.61470526440158834713e-01 3.22110378045245893119e-01 3.80838087934876168283e-01 4.07572423275858575220e-01
-3.73194705471113108430e-01 -3.46956312280780165835e-01 -3.06405538062904603258e-01 -2.40452297499852696294e-01 -1.63848889892271531998e-01 -7.82086847310854427207e-02 -1.62956200624217724869e-12 7.82086847338717416900e-02 1.63848889890540860836e-01 2.40452297500608203062e-01 3.06405538062601512372e-01 3.46956312280864265229e-01 3.73194705471113108430e-01
-3.53553390593273786369e-01 -3.33911535560328986971e-01 -2.94627825494342521218e-01 -2.35702260395659890513e-01 -1.57134840263309566444e-01 -7.85674201324996074325e-02 8.54823786841729579700e-13 7.85674201310410796895e-02 1.57134840264206848692e-01 2.35702260395274421079e-01 2.94627825494492734393e-01 3.33911535560284911117e-01 3.53553390593273786369e-01
